10 0.102958
20 0.100119
30 0.098922
40 0.098267
50 0.097832
60 0.097553
70 0.097397
80 0.097194
90 0.097067
100 0.096921
110 0.096836
120 0.096781
130 0.096702
140 0.096614
150 0.096545
160 0.096496
170 0.096435
180 0.096406
190 0.096354
200 0.096335
210 0.096303
220 0.096293
230 0.096254
240 0.096238
250 0.096217
260 0.096180
270 0.096183
280 0.096153
290 0.096131
300 0.096122
310 0.096096
320 0.096106
330 0.096097
340 0.096079
350 0.096067
360 0.096062
370 0.096034
380 0.095995
390 0.096008
400 0.095996
410 0.095983
420 0.095986
430 0.095967
440 0.095958
450 0.095956
460 0.095938
470 0.095945
480 0.095930
490 0.095927
500 0.095921
510 0.095916
520 0.095890
530 0.095885
540 0.095875
550 0.095856
560 0.095876
570 0.095868
580 0.095867
590 0.095879
600 0.095880
610 0.095879
620 0.095865
630 0.095863
640 0.095843
650 0.095837
660 0.095835
670 0.095851
680 0.095834
690 0.095836
700 0.095833
710 0.095841
720 0.095845
730 0.095859
740 0.095852
750 0.095852
760 0.095857
770 0.095854
780 0.095845
790 0.095852
800 0.095851
810 0.095856
820 0.095858
830 0.095840
840 0.095841
850 0.095836
860 0.095835
870 0.095838
880 0.095840
890 0.095830
900 0.095830
910 0.095830
920 0.095844
930 0.095838
940 0.095838
950 0.095843
960 0.095819
970 0.095820
980 0.095822
990 0.095832
1000 0.095833
1010 0.095827
1020 0.095822
1030 0.095830
1040 0.095839
1050 0.095838
1060 0.095846
1070 0.095837
1080 0.095828
1090 0.095830
1100 0.095832
1110 0.095843
1120 0.095847
1130 0.095844
1140 0.095853
1150 0.095852
1160 0.095860
1170 0.095864
1180 0.095866
1190 0.095865
1200 0.095866
1210 0.095867
1220 0.095867
1230 0.095866
1240 0.095869
1250 0.095866
1260 0.095868
1270 0.095870
1280 0.095865
1290 0.095864
1300 0.095871
1310 0.095873
1320 0.095881
1330 0.095873
1340 0.095878
1350 0.095862
1360 0.095861
1370 0.095853
1380 0.095842
1390 0.095846
1400 0.095856
1410 0.095868
1420 0.095867
1430 0.095876
1440 0.095880
1450 0.095877
1460 0.095877
1470 0.095874
1480 0.095878
1490 0.095869
1500 0.095866
1510 0.095864
1520 0.095859
1530 0.095868
1540 0.095869
1550 0.095871
1560 0.095869
1570 0.095883
1580 0.095877
1590 0.095875
1600 0.095868
1610 0.095865
1620 0.095866
1630 0.095869
1640 0.095869
1650 0.095858
1660 0.095859
1670 0.095858
1680 0.095865
1690 0.095868
1700 0.095869
1710 0.095871
1720 0.095867
1730 0.095866
1740 0.095860
1750 0.095859
1760 0.095855
1770 0.095858
1780 0.095853
1790 0.095841
1800 0.095842
1810 0.095835
1820 0.095837
1830 0.095843
1840 0.095840
1850 0.095834
1860 0.095836
1870 0.095836
1880 0.095827
1890 0.095827
1900 0.095824
1910 0.095817
1920 0.095823
1930 0.095825
1940 0.095825
1950 0.095826
1960 0.095827
1970 0.095821
1980 0.095814
1990 0.095812
2000 0.095807
