0.500000 54.166922
0.505000 60.723964
0.510000 67.984610
0.515000 75.066006
0.520000 88.478862
0.525000 101.439086
0.530000 120.640892
0.535000 137.383668
0.540000 153.300003
0.545000 202.237270
0.550000 265.167082
0.555000 325.428552
0.560000 384.078841
0.565000 507.364260
0.570000 674.852462
0.575000 855.355788
0.580000 1110.713722
0.585000 1494.653282
0.590000 1560.498615
0.595000 1758.456156
0.600000 1775.504661
0.605000 1704.954012
0.610000 1068.707643
0.615000 795.004704
0.620000 637.421720
0.625000 309.453952
0.630000 93.996980
0.635000 62.744587
0.640000 45.625419
0.645000 50.389274
0.650000 25.713920
0.655000 23.353194
0.660000 30.467932
0.665000 26.286237
0.670000 16.719677
0.675000 12.385467
0.680000 17.410915
0.685000 13.491209
