0.100000 2.000000 -0.200000 1.980000 -0.200000 1.990000 -0.200000 1.970000 -0.300000
0.200000 1.980000 -0.400000 1.940200 -0.398000 1.960050 -0.399000 1.920300 -0.497000
0.300000 1.940000 -0.598000 1.880998 -0.592020 1.910350 -0.595005 1.851397 -0.689030
0.400000 1.880200 -0.792000 1.802986 -0.780120 1.841298 -0.786040 1.763980 -0.874170
0.500000 1.801000 -0.980020 1.706944 -0.960418 1.753487 -0.970170 1.658923 -1.050568
0.600000 1.702998 -1.160120 1.593833 -1.131113 1.647703 -1.145518 1.537277 -1.216460
0.700000 1.586986 -1.330420 1.464783 -1.290496 1.524912 -1.310289 1.400258 -1.370188
0.800000 1.453944 -1.489118 1.321086 -1.436974 1.386259 -1.462780 1.249237 -1.510214
0.900000 1.305032 -1.634513 1.164178 -1.569083 1.233050 -1.601406 1.085723 -1.635137
1.000000 1.141581 -1.765016 0.995627 -1.685501 1.066744 -1.724711 0.911352 -1.743710
1.100000 0.965079 -1.879174 0.817121 -1.785064 0.888939 -1.831385 0.727868 -1.834845
1.200000 0.777162 -1.975682 0.630444 -1.866776 0.701356 -1.920279 0.537105 -1.907632
1.300000 0.579594 -2.053398 0.437462 -1.929820 0.505821 -1.990415 0.340971 -1.961342
1.400000 0.374254 -2.111358 0.240105 -1.973566 0.304250 -2.040997 0.141427 -1.995439
1.500000 0.163118 -2.148783 0.040347 -1.997577 0.098630 -2.071422 -0.059532 -2.009582
1.600000 -0.051760 -2.165095 -0.159814 -2.001611 -0.109006 -2.081285 -0.259894 -2.003629
1.700000 -0.268270 -2.159919 -0.358377 -1.985630 -0.316589 -2.070384 -0.457658 -1.977639
1.800000 -0.484262 -2.133092 -0.553356 -1.949792 -0.522045 -2.038725 -0.650846 -1.931873
1.900000 -0.697571 -2.084666 -0.742802 -1.894457 -0.723307 -1.986521 -0.837525 -1.866789
2.000000 -0.906037 -2.014909 -0.924819 -1.820177 -0.918343 -1.914190 -1.015828 -1.783036
2.100000 -1.107528 -1.924305 -1.097589 -1.727695 -1.105170 -1.822356 -1.183974 -1.681454
2.200000 -1.299959 -1.813552 -1.259382 -1.617936 -1.281880 -1.711839 -1.340279 -1.563056
2.300000 -1.481314 -1.683556 -1.408582 -1.491997 -1.446654 -1.583651 -1.483182 -1.429028
2.400000 -1.649669 -1.535425 -1.543696 -1.351139 -1.597786 -1.438985 -1.611253 -1.280710
2.500000 -1.803212 -1.370458 -1.663373 -1.196770 -1.733695 -1.279207 -1.723212 -1.119585
2.600000 -1.940258 -1.190137 -1.766416 -1.030432 -1.852948 -1.105837 -1.817938 -0.947264
2.700000 -2.059271 -0.996111 -1.851795 -0.853791 -1.954267 -0.920543 -1.894485 -0.765470
2.800000 -2.158882 -0.790184 -1.918656 -0.668611 -2.036550 -0.725116 -1.952087 -0.576021
2.900000 -2.237901 -0.574295 -1.966331 -0.476745 -2.098878 -0.521461 -1.990168 -0.380813
3.000000 -2.295330 -0.350505 -1.994342 -0.280112 -2.140530 -0.311573 -2.008348 -0.181796
3.100000 -2.330381 -0.120972 -2.002410 -0.080678 -2.160985 -0.097520 -2.006444 0.019039
3.200000 -2.342478 0.112066 -1.990454 0.119563 -2.159932 0.118578 -1.984476 0.219683
3.300000 -2.331272 0.346314 -1.958593 0.318608 -2.137274 0.334572 -1.942663 0.418131
3.400000 -2.296640 0.579441 -1.907146 0.514468 -2.093131 0.548299 -1.881423 0.612397
3.500000 -2.238696 0.809105 -1.836628 0.705182 -2.027835 0.757612 -1.801369 0.800539
3.600000 -2.157786 1.032974 -1.747744 0.888845 -1.941935 0.960396 -1.703301 0.980676
3.700000 -2.054488 1.248753 -1.641382 1.063619 -1.836186 1.154589 -1.588201 1.151006
3.800000 -1.929613 1.454202 -1.518606 1.227757 -1.711546 1.338208 -1.457218 1.309827
3.900000 -1.784193 1.647163 -1.380644 1.379618 -1.569167 1.509362 -1.311663 1.455548
4.000000 -1.619476 1.825582 -1.228876 1.517682 -1.410385 1.666279 -1.152992 1.586715
4.100000 -1.436918 1.987530 -1.064819 1.640570 -1.236705 1.807318 -0.982790 1.702014
4.200000 -1.238165 2.131222 -0.890114 1.747052 -1.049790 1.930988 -0.802761 1.800293
4.300000 -1.025043 2.255038 -0.706507 1.836063 -0.851442 2.035967 -0.614704 1.880569
4.400000 -0.799539 2.357543 -0.515836 1.906714 -0.643588 2.121111 -0.420500 1.942039
4.500000 -0.563785 2.437497 -0.320006 1.958298 -0.428259 2.185470 -0.222091 1.984089
4.600000 -0.320035 2.493875 -0.120976 1.990298 -0.207571 2.228296 -0.021461 2.006298
4.700000 -0.070648 2.525879 0.079263 2.002396 0.016296 2.249053 0.179383 2.008445
4.800000 0.181940 2.532943 0.278710 1.994469 0.241120 2.247424 0.378434 1.990506
4.900000 0.435234 2.514749 0.475370 1.966598 0.464657 2.223312 0.573700 1.952663
5.000000 0.686709 2.471226 0.667276 1.919061 0.684665 2.176846 0.763229 1.895293
5.100000 0.933832 2.402555 0.852510 1.852334 0.898926 2.108379 0.945126 1.818970
5.200000 1.174087 2.309172 1.029218 1.767083 1.105269 2.018487 1.117572 1.724457
5.300000 1.405005 2.191763 1.195634 1.664161 1.301592 1.907960 1.278842 1.612700
5.400000 1.624181 2.051263 1.350094 1.544598 1.485880 1.777801 1.427324 1.484816
5.500000 1.829307 1.888845 1.491053 1.409588 1.656230 1.629213 1.561532 1.342084
5.600000 2.018192 1.705914 1.617101 1.260483 1.810871 1.463590 1.680125 1.185930
5.700000 2.188783 1.504095 1.726978 1.098773 1.948175 1.282503 1.781917 1.017918
5.800000 2.339192 1.285216 1.819586 0.926075 2.066685 1.087685 1.865889 0.839726
5.900000 2.467714 1.051297 1.893997 0.744117 2.165120 0.881017 1.931203 0.653137
6.000000 2.572844 0.804526 1.949469 0.554717 2.242396 0.664505 1.977205 0.460017
6.100000 2.653296 0.547241 1.985446 0.359770 2.297634 0.440265 2.003435 0.262296
6.200000 2.708020 0.281912 2.001569 0.161225 2.330172 0.210502 2.009630 0.061953
6.300000 2.736212 0.011110 1.997675 -0.038932 2.339572 -0.022516 1.995729 -0.139010
6.400000 2.737323 -0.262512 1.973806 -0.238699 2.325622 -0.256473 1.961871 -0.338583
6.500000 2.711071 -0.536244 1.930198 -0.436080 2.288347 -0.489035 1.908394 -0.534770
6.600000 2.657447 -0.807351 1.867288 -0.629099 2.228002 -0.717870 1.835833 -0.725609
6.700000 2.576712 -1.073096 1.785705 -0.815828 2.145075 -0.940670 1.744913 -0.909193
6.800000 2.469402 -1.330767 1.686265 -0.994399 2.040282 -1.155177 1.636545 -1.083684
6.900000 2.336326 -1.577707 1.569962 -1.163025 1.914563 -1.359206 1.511811 -1.247338
7.000000 2.178555 -1.811340 1.437960 -1.320021 1.769070 -1.550662 1.371959 -1.398519
7.100000 1.997421 -2.029195 1.291579 -1.463817 1.605158 -1.727569 1.218388 -1.535715
7.200000 1.794502 -2.228937 1.132281 -1.592975 1.424376 -1.888085 1.052632 -1.657554
7.300000 1.571608 -2.408387 0.961661 -1.706203 1.228445 -2.030522 0.876351 -1.762817
7.400000 1.330769 -2.565548 0.781424 -1.802369 1.019251 -2.153367 0.691305 -1.850452
7.500000 1.074214 -2.698625 0.593373 -1.880512 0.798818 -2.255292 0.499347 -1.919583
7.600000 0.804352 -2.806047 0.399388 -1.939849 0.569295 -2.335174 0.302395 -1.969518
7.700000 0.523747 -2.886482 0.201409 -1.979788 0.332931 -2.392103 0.102419 -1.999757
7.800000 0.235099 -2.938856 0.001416 -1.999929 0.092056 -2.425396 -0.098580 -2.009999
7.900000 -0.058787 -2.962366 -0.198591 -2.000070 -0.150944 -2.434602 -0.298595 -2.000141
8.000000 -0.355023 -2.956488 -0.396612 -1.980211 -0.393650 -2.419507 -0.495623 -1.970282
8.100000 -0.650672 -2.920985 -0.590667 -1.940550 -0.633632 -2.380142 -0.687695 -1.920719
8.200000 -0.942771 -2.855918 -0.778815 -1.881483 -0.868478 -2.316779 -0.872890 -1.851950
8.300000 -1.228362 -2.761641 -0.959176 -1.803602 -1.095814 -2.229931 -1.049356 -1.764661
8.400000 -1.504527 -2.638805 -1.129944 -1.707684 -1.313328 -2.120350 -1.215328 -1.659725
8.500000 -1.768407 -2.488352 -1.289413 -1.594690 -1.518796 -1.989017 -1.369148 -1.538193
8.600000 -2.017242 -2.311511 -1.435988 -1.465748 -1.710104 -1.837138 -1.509275 -1.401278
8.700000 -2.248393 -2.109787 -1.568203 -1.322150 -1.885267 -1.666127 -1.634310 -1.250350
8.800000 -2.459372 -1.884948 -1.684736 -1.165329 -2.042454 -1.477601 -1.743002 -1.086919
8.900000 -2.647867 -1.639011 -1.784421 -0.996856 -2.180001 -1.273355 -1.834264 -0.912619
9.000000 -2.811768 -1.374224 -1.866263 -0.818414 -2.296437 -1.055355 -1.907183 -0.729193
9.100000 -2.949190 -1.093047 -1.929441 -0.631787 -2.390490 -0.825711 -1.961031 -0.538474
9.200000 -3.058495 -0.798128 -1.973326 -0.438843 -2.461109 -0.586662 -1.995268 -0.342371
9.300000 -3.138308 -0.492279 -1.997477 -0.241511 -2.507470 -0.340552 -2.009552 -0.142844
9.400000 -3.187536 -0.178448 -2.001653 -0.041763 -2.528987 -0.089805 -2.003741 0.058111
9.500000 -3.205381 0.140306 -1.985813 0.158402 -2.525323 0.163094 -1.977893 0.258485
9.600000 -3.191350 0.460844 -1.950115 0.356984 -2.496387 0.415626 -1.932265 0.456274
9.700000 -3.145266 0.779979 -1.894915 0.551995 -2.442342 0.665265 -1.867315 0.649501
9.800000 -3.067268 1.094505 -1.820766 0.741487 -2.363604 0.909499 -1.783692 0.836232
9.900000 -2.957817 1.401232 -1.728410 0.923563 -2.260836 1.145860 -1.682232 1.014602
10.000000 -2.817694 1.697014 -1.618770 1.096404 -2.134946 1.371943 -1.563949 1.182825
10.100000 -2.647993 1.978783 -1.492942 1.258281 -1.987077 1.585438 -1.430027 1.339220
10.200000 -2.450114 2.243583 -1.352184 1.407575 -1.818598 1.784146 -1.281805 1.482222
10.300000 -2.225756 2.488594 -1.197905 1.542794 -1.631090 1.966005 -1.120765 1.610403
10.400000 -1.976897 2.711170 -1.031646 1.662584 -1.426334 2.129114 -0.948517 1.722479
10.500000 -1.705780 2.908859 -0.855071 1.765749 -1.206291 2.271748 -0.766784 1.817331
10.600000 -1.414894 3.079437 -0.669946 1.851256 -0.973085 2.392377 -0.577383 1.894010
10.700000 -1.106950 3.220927 -0.478121 1.918251 -0.728982 2.489685 -0.382208 1.951748
10.800000 -0.784857 3.331622 -0.281514 1.966063 -0.476368 2.562584 -0.183211 1.989969
10.900000 -0.451695 3.410107 -0.082093 1.994214 -0.217728 2.610220 0.017618 2.008290
11.000000 -0.110684 3.455277 0.118149 2.002423 0.044383 2.631993 0.218271 2.006528
11.100000 0.234843 3.466345 0.317210 1.990608 0.307360 2.627555 0.416741 1.984701
11.200000 0.581478 3.442861 0.513099 1.958887 0.568579 2.596819 0.611043 1.943027
11.300000 0.925764 3.384713 0.703857 1.907577 0.825418 2.539961 0.799236 1.881923
11.400000 1.264235 3.292137 0.887576 1.837192 1.075287 2.457419 0.979435 1.801999
11.500000 1.593449 3.165713 1.062419 1.748434 1.315652 2.349891 1.149841 1.704055
11.600000 1.910020 3.006368 1.226639 1.642192 1.544063 2.218325 1.308748 1.589071
11.700000 2.210657 2.815366 1.378591 1.519528 1.758175 2.063919 1.454568 1.458197
11.800000 2.492194 2.594301 1.516758 1.381669 1.955776 1.888102 1.585842 1.312740
11.900000 2.751624 2.345081 1.639758 1.229993 2.134808 1.692524 1.701257 1.154156
12.000000 2.986132 2.069919 1.746359 1.066018 2.293386 1.479043 1.799660 0.984030
12.100000 3.193124 1.771306 1.835498 0.891382 2.429823 1.249705 1.880067 0.804064
12.200000 3.370254 1.451993 1.906281 0.707832 2.542645 1.006722 1.941672 0.616057
12.300000 3.515454 1.114968 1.958001 0.517204 2.630604 0.752458 1.983861 0.421890
12.400000 3.626950 0.763423 1.990142 0.321404 2.692696 0.489397 2.006212 0.223504
12.500000 3.703293 0.400728 2.002381 0.122390 2.728173 0.220128 2.008500 0.022883
12.600000 3.743365 0.030398 1.994596 -0.077848 2.736545 -0.052690 1.990703 -0.177967
12.700000 3.746405 -0.343938 1.966865 -0.277308 2.717593 -0.326344 1.953000 -0.377038
12.800000 3.712011 -0.718579 1.919465 -0.473994 2.671371 -0.598103 1.895766 -0.572338
12.900000 3.640154 -1.089780 1.852871 -0.665941 2.598203 -0.865240 1.819574 -0.761914
13.000000 3.531176 -1.453795 1.767749 -0.851228 2.498688 -1.125061 1.725187 -0.943872
13.100000 3.385796 -1.806913 1.664948 -1.028003 2.373689 -1.374930 1.613548 -1.116390
13.200000 3.205105 -2.145492 1.545498 -1.194498 2.224327 -1.612298 1.485774 -1.277745
13.300000 2.990556 -2.466003 1.410594 -1.349048 2.051976 -1.834731 1.343141 -1.426323
13.400000 2.743955 -2.765058 1.261583 -1.490107 1.858243 -2.039929 1.187078 -1.560637
13.500000 2.467449 -3.039454 1.099956 -1.616265 1.644959 -2.225753 1.019143 -1.679344
13.600000 2.163504 -3.286199 0.927330 -1.726261 1.414159 -2.390249 0.841017 -1.781259
13.700000 1.834884 -3.502549 0.745431 -1.818994 1.168063 -2.531665 0.654481 -1.865361
13.800000 1.484629 -3.686038 0.556077 -1.893537 0.909056 -2.648471 0.461400 -1.930809
13.900000 1.116025 -3.834501 0.361163 -1.949145 0.639664 -2.739377 0.263706 -1.976949
14.000000 0.732575 -3.946103 0.162637 -1.985261 0.362528 -2.803343 0.063374 -2.003319
14.100000 0.337965 -4.019361 -0.037516 -2.001525 0.080381 -2.839596 -0.137592 -2.009657
14.200000 -0.063971 -4.053157 -0.237293 -1.997773 -0.203981 -2.847634 -0.337182 -1.995897
14.300000 -0.469287 -4.046760 -0.434698 -1.974044 -0.487724 -2.827236 -0.533400 -1.962179
14.400000 -0.873963 -3.999831 -0.627755 -1.930574 -0.768009 -2.778464 -0.724284 -1.908839
14.500000 -1.273946 -3.912435 -0.814535 -1.867799 -1.042015 -2.701663 -0.907925 -1.836411
14.600000 -1.665189 -3.785041 -0.993169 -1.786345 -1.306972 -2.597461 -1.082487 -1.745618
14.700000 -2.043694 -3.618522 -1.161872 -1.687028 -1.560183 -2.466764 -1.246224 -1.637370
14.800000 -2.405546 -3.414152 -1.318956 -1.570841 -1.799058 -2.310746 -1.397498 -1.512747
14.900000 -2.746961 -3.173598 -1.462851 -1.438945 -2.021138 -2.130840 -1.534798 -1.372998
15.000000 -3.064321 -2.898902 -1.592117 -1.292660 -2.224116 -1.928726 -1.656750 -1.219518
15.100000 -3.354211 -2.592470 -1.705462 -1.133449 -2.405868 -1.706315 -1.762134 -1.053843
15.200000 -3.613458 -2.257048 -1.801752 -0.962902 -2.564470 -1.465728 -1.849897 -0.877629
15.300000 -3.839163 -1.895703 -1.880025 -0.782727 -2.698220 -1.209281 -1.919161 -0.692640
15.400000 -4.028733 -1.511786 -1.939497 -0.594725 -2.805657 -0.939459 -1.969233 -0.500724
15.500000 -4.179912 -1.108913 -1.979575 -0.400775 -2.885575 -0.658893 -1.999613 -0.303800
15.600000 -4.290803 -0.690922 -1.999856 -0.202818 -2.937036 -0.370335 -2.009997 -0.103839
15.700000 -4.359895 -0.261842 -2.000140 -0.002832 -2.959385 -0.076632 -2.000281 0.097161
15.800000 -4.386079 0.174148 -1.980421 0.197182 -2.952251 0.219307 -1.970562 0.297189
15.900000 -4.368664 0.612756 -1.940899 0.395224 -2.915559 0.514532 -1.921138 0.494245
16.000000 -4.307389 1.049622 -1.881968 0.589314 -2.849528 0.806088 -1.852502 0.686359
16.100000 -4.202427 1.480361 -1.804217 0.777511 -2.754672 1.091040 -1.765341 0.871609
16.200000 -4.054391 1.900604 -1.708423 0.957932 -2.631794 1.366508 -1.660527 1.048143
16.300000 -3.864330 2.306043 -1.595546 1.128775 -2.481985 1.629687 -1.539107 1.214196
16.400000 -3.633726 2.692476 -1.466713 1.288329 -2.306606 1.877886 -1.402296 1.368107
16.500000 -3.364478 3.055848 -1.323213 1.435001 -2.107284 2.108546 -1.251463 1.508336
16.600000 -3.058893 3.392296 -1.166481 1.567322 -1.885893 2.319275 -1.088115 1.633483
16.700000 -2.719664 3.698186 -0.998084 1.683970 -1.644536 2.507864 -0.913885 1.742294
16.800000 -2.349845 3.970152 -0.819706 1.783778 -1.385527 2.672318 -0.730517 1.833682
16.900000 -1.952830 4.205136 -0.633131 1.865749 -1.111368 2.810870 -0.539843 1.906734
17.000000 -1.532316 4.400419 -0.440225 1.929062 -0.824724 2.922007 -0.343772 1.960719
17.100000 -1.092274 4.553651 -0.242916 1.973084 -0.528400 3.004479 -0.144262 1.995096
17.200000 -0.636909 4.662879 -0.043179 1.997376 -0.225310 3.057319 0.056690 2.009522
17.300000 -0.170622 4.726570 0.156991 2.001694 0.081549 3.079850 0.257075 2.003853
17.400000 0.302035 4.743632 0.355590 1.985995 0.389126 3.071696 0.454890 1.978145
17.500000 0.776399 4.713428 0.550634 1.950436 0.694350 3.032783 0.648156 1.932656
17.600000 1.247741 4.635788 0.740171 1.895372 0.994156 2.963348 0.834940 1.867841
17.700000 1.711320 4.511014 0.922307 1.821355 1.285520 2.863932 1.013374 1.784347
17.800000 2.162422 4.339882 1.095219 1.729125 1.565486 2.735380 1.181675 1.683009
17.900000 2.596410 4.123640 1.257179 1.619603 1.831197 2.578832 1.338159 1.564842
18.000000 3.008774 3.863999 1.406568 1.493885 2.079924 2.395712 1.481262 1.431026
18.100000 3.395174 3.563122 1.541891 1.353228 2.309095 2.187720 1.609552 1.282900
18.200000 3.751486 3.223604 1.661795 1.199039 2.516322 1.956810 1.721746 1.121944
18.300000 4.073846 2.848456 1.765080 1.032860 2.699421 1.705178 1.816723 0.949770
18.400000 4.358692 2.441071 1.850716 0.856352 2.856442 1.435236 1.893533 0.768097
18.500000 4.602799 2.005202 1.917844 0.671280 2.985683 1.149592 1.951408 0.578744
18.600000 4.803319 1.544922 1.965793 0.479496 3.085714 0.851023 1.989768 0.383603
18.700000 4.957811 1.064590 1.994085 0.282916 3.155388 0.542452 2.008231 0.184627
18.800000 5.064270 0.568809 2.002436 0.083508 3.193856 0.226913 2.006611 -0.016196
18.900000 5.121151 0.062382 1.990762 -0.116736 3.200578 -0.092473 1.984925 -0.216858
19.000000 5.127389 -0.449733 1.959181 -0.315812 3.175328 -0.412530 1.943390 -0.415350
19.100000 5.082416 -0.962472 1.908008 -0.511730 3.118198 -0.730063 1.882421 -0.609689
19.200000 4.986169 -1.470714 1.837755 -0.702531 3.029601 -1.041883 1.802628 -0.797931
19.300000 4.839097 -1.969331 1.749124 -0.886306 2.910265 -1.344843 1.704809 -0.978194
19.400000 4.642164 -2.453241 1.643002 -1.061219 2.761229 -1.635870 1.589941 -1.148675
19.500000 4.396840 -2.917457 1.520450 -1.225519 2.583836 -1.911993 1.459174 -1.307669
19.600000 4.105095 -3.357141 1.382694 -1.377564 2.379717 -2.170376 1.313816 -1.453587
19.700000 3.769381 -3.767650 1.231111 -1.515833 2.150781 -2.408348 1.155319 -1.584968
19.800000 3.392615 -4.144588 1.067216 -1.638944 1.899193 -2.623426 0.985269 -1.700500
19.900000 2.978157 -4.483850 0.892650 -1.745666 1.627354 -2.813345 0.805366 -1.799027
